10 250 0 100
0 3244517 1253 1175 76 0
1 1674457 3842 2424 55 0
2 938418 4396 2976 43 0
3 2393951 4543 3438 71 0
4 1422059 1089 1387 51 0
5 790883 539 1635 71 0
6 1191836 1741 1821 49 0
7 1679358 79 1048 40 1
8 1495159 62 1148 40 1
9 2106781 4747 3514 46 0
-1.000000 6.325402 5.776435 0.818784 4.570970 3.014838 5.391192 3.109590 2.843033 2.198441
6.325402 -1.000000 5.223247 6.001426 3.070013 9.205450 1.544715 3.511507 5.907321 4.703806
5.776435 5.223247 -1.000000 4.979668 2.437679 8.521162 3.727147 3.573467 3.184207 6.040082
0.818784 6.001426 4.979668 -1.000000 3.939472 3.661500 4.919045 2.595288 2.029039 2.456372
4.570970 3.070013 2.437679 3.939472 -1.000000 7.575047 1.533947 1.571657 3.077958 4.048792
3.014838 9.205450 8.521162 3.661500 7.575047 -1.000000 8.383410 6.122900 5.359863 4.617126
5.391192 1.544715 3.727147 4.919045 1.533947 8.383410 -1.000000 2.324263 4.491704 4.222509
3.109590 3.511507 3.573467 2.595288 1.571657 6.122900 2.324263 -1.000000 2.535454 2.524969
2.843033 5.907321 3.184207 2.029039 3.077958 5.359863 4.491704 2.535454 -1.000000 3.984644
2.198441 4.703806 6.040082 2.456372 4.048792 4.617126 4.222509 2.524969 3.984644 -1.000000