6 250 0 100
0 1866891 1194 1657 79 1
1 427069 4565 3256 35 0
2 1925573 3395 2255 34 0
3 3444769 4127 3073 66 0
4 891743 4853 3607 70 0
5 203355 2914 2432 63 0
-1.000000 9.924667 6.501202 6.875425 2.217156 9.376509
9.924667 -1.000000 3.436510 3.859275 11.604165 8.014613
6.501202 3.436510 -1.000000 1.709335 8.177795 6.839481
6.875425 3.859275 1.709335 -1.000000 8.176612 5.143055
2.217156 11.604165 8.177795 8.176612 -1.000000 9.493254
9.376509 8.014613 6.839481 5.143055 9.493254 -1.000000