6 250 0 100
0 3258492 3227 2766 24 0
1 2630136 132 1267 79 1
2 3124587 2796 2788 21 0
3 3019516 4902 3942 32 0
4 3106132 4415 3381 32 0
5 2430039 1565 1724 70 0
-1.000000 5.196556 8.421471 3.081438 1.951004 3.647616
5.196556 -1.000000 6.780674 2.497494 3.435317 6.780145
8.421471 6.780674 -1.000000 8.061003 8.102375 6.385947
3.081438 2.497494 8.061003 -1.000000 1.131727 5.766030
1.951004 3.435317 8.102375 1.131727 -1.000000 4.899213
3.647616 6.780145 6.385947 5.766030 4.899213 -1.000000